$ANSIBLE_VAULT;1.1;AES256
35313830306266643334313961346237353966636338336463653134613733346535633065646335
6265613665373439613465336434623432323266643039310a636237303937393634306235386333
38626262333737333332343935323765376332376531346264323832303438383162633333336636
3935613066346333360a616631623462346531616163316263653830326264386138343161316566
33626332316432626535336362383037636465613165336439343739356362666330353763663865
39663834333430396565373630646638613139633036373762626232313062323439636466373837
65616337653162393834653437303134663139313062326332363765646336353039343565393035
62336363316530663563373764663531326163356561353933333534353639313137303266306166
35386639623061353033613665363731643632336535616631633534666434363230333262633533
34323735666661646236386334373764393137306634323936656565393566646438633134386138
64343734666462386332623134666635663634363965353631656234396264323664336135316437
38626561323166313734656237656632383561333430393035613734633265623733396264653331
30326664633732616230336237313462613639363763643061316438363065636236663333333430
35393637316630393732613961623735323439616131316635306663633438386236343738393962
33323063323434393033666639666162396565353030663163366538656565653732633563363939
36333831363035666666
